8.899641224696967431e-03 6.012457915654110548e+04 2.337437921375731457e+04 -4.789512490563601023e+04 1.779127294125096887e+04 3.881159798938863969e+04 8.335852380589452514e+04
1.507912216506561084e-02 6.936812986419460503e+04 3.628059125086435233e+04 1.177838886179462497e+04 1.339414200458149753e+04 3.269544424692703615e+04 4.637375193419843708e+04
2.144790186456837014e-02 6.724451875706035935e+04 3.277499418852890085e+04 -1.234461897580891127e+04 8.282361040008632699e+03 2.118184336132963290e+04 2.665982379633464370e+04
2.783660776489279773e-02 5.858429389668711519e+04 2.844979733148293235e+04 2.282231736724117127e+03 4.918678065936891471e+03 1.338519526683257754e+04 1.764412581545797002e+04
3.435099785803417266e-02 4.965150381318456493e+04 2.417346859438341198e+04 -2.344647840183414701e+03 3.827288237740158365e+03 1.087317923253507252e+04 1.411746275719342702e+04
4.047886761425752850e-02 4.247388749321928481e+04 1.972284093490688247e+04 6.537990840540970567e+03 2.836437130414986768e+03 7.035496594257830111e+03 1.040036209457386940e+04
4.676716683575677519e-02 3.729818328447335080e+04 1.670531230421305736e+04 -2.227641644253158120e+03 1.919110496987343595e+03 4.790098939642019104e+03 6.217137136750172431e+03
5.308225101765956522e-02 3.352971543426316202e+04 1.438673704523518427e+04 1.367900036256100520e+03 1.639044624420140963e+03 4.261006550708930263e+03 5.438230897036407441e+03
5.945362440940578364e-02 3.124684910637479697e+04 1.303941764985377449e+04 4.945333270493895270e+02 1.279663010135434433e+03 3.031226767291120268e+03 4.353693959908101533e+03
6.576224814588794987e-02 2.956048310344044148e+04 1.221878887514977396e+04 3.650036499644065771e+03 1.150744188875287364e+03 3.161818466116890249e+03 4.106944533654873339e+03
7.196632906698745280e-02 2.740216109662303279e+04 1.062572400303132599e+04 -5.602714493710979013e+02 8.745776088470181548e+02 2.447215264799637225e+03 3.286531068823612713e+03
7.827860915688340804e-02 2.508459383018220615e+04 9.594918803036955069e+03 -2.072248709999816583e+03 8.855301471576074164e+02 2.041597947231061198e+03 2.809344243996992191e+03
8.470398945834550775e-02 2.281139131149569585e+04 8.896590756626859729e+03 2.936618885536741800e+03 6.525284433648283766e+02 1.749941059610091997e+03 2.054460347067656585e+03
9.096854620527378144e-02 2.067767396460158488e+04 7.760512431304206984e+03 1.049800255949586244e+03 5.516383636593532174e+02 1.466513803075474243e+03 1.842046464097710441e+03
9.720789776830210394e-02 1.899222186178150514e+04 6.972599448329980987e+03 2.494765923601429733e+02 5.367163315672353292e+02 1.103778990201917622e+03 1.716659058596296290e+03
1.034763038959365528e-01 1.768192492364563441e+04 6.319369581768612989e+03 8.879012497660188501e+02 4.023160317563468880e+02 1.001986941261734046e+03 1.478248920959253155e+03
1.097576444254558387e-01 1.671869030162302806e+04 5.893740443559852793e+03 7.645460570346118629e+02 3.600546076490574592e+02 9.078615892494241280e+02 1.247576639927786573e+03
1.160543084780094186e-01 1.596729312319381461e+04 5.436076249041524534e+03 6.421121950794122313e+02 3.664425511597144123e+02 8.556835129737918351e+02 1.162067499465649234e+03
1.223669666537485629e-01 1.537152352644257735e+04 5.241121006820161710e+03 6.204297522740290560e+02 3.596630601137075587e+02 9.136686636475535579e+02 1.078549600461187310e+03
1.286817263090292152e-01 1.480851817072282574e+04 4.712491631498575771e+03 1.937009528849115441e+02 2.706053304223950704e+02 7.192419876447214619e+02 8.984331141242275862e+02
1.349500801664083871e-01 1.417274909630624279e+04 4.635420267706740560e+03 1.428143124746473632e+03 2.664822522576521919e+02 6.864953253330642156e+02 8.588321671577651841e+02
1.411949558842149066e-01 1.354636123413456517e+04 4.243729361736722240e+03 3.466742268165109522e+02 2.788753558144101135e+02 6.580195618353319560e+02 7.533941363872464763e+02
1.475133575747467340e-01 1.287520894856747327e+04 4.020601436234181165e+03 5.516155325862272321e+02 2.304515436196073495e+02 5.570177840934255755e+02 6.783881612994156285e+02
1.537865074252270092e-01 1.233067439456787361e+04 3.816638710119776078e+03 2.842263534576595134e+02 1.927205602956545647e+02 5.565021008358995687e+02 6.341898076223860699e+02
1.600657544051106995e-01 1.185085042298270128e+04 3.644645677718472598e+03 7.822986201574104825e+02 2.174706347342445270e+02 5.287216467757210694e+02 5.845577777700998467e+02
1.663991168687082578e-01 1.138123545515245678e+04 3.426568260298899077e+03 9.264425505844311601e+02 1.614245704670540817e+02 4.062377369120937374e+02 6.102889639121480059e+02
1.727195645776441468e-01 1.105118820241287904e+04 3.126862264999514537e+03 3.632695279241088997e+02 1.647978166369413486e+02 3.674523124911633545e+02 5.260732273453982089e+02
1.789765213377082498e-01 1.076214738801499516e+04 3.066058583304182775e+03 8.176608516969313314e+02 1.596387762282903680e+02 4.003675930761557424e+02 4.585590302080298670e+02
1.852353690647849105e-01 1.048849430507545549e+04 2.785144877128004282e+03 2.344484929433371860e+02 1.327501226598168955e+02 3.499848183154716139e+02 5.035379799288746199e+02
1.914806787341160055e-01 1.020128497342081027e+04 2.698043883252933938e+03 7.509278419440711332e+02 1.383450285970099003e+02 3.212167392198371090e+02 4.261825195673138751e+02
1.977889868651534766e-01 9.953395717946736113e+03 2.528320417489253032e+03 2.165916917843842668e+02 1.387260957834503756e+02 3.203006828578174350e+02 4.112720511571439488e+02
2.040937735447723722e-01 9.710671421847169768e+03 2.441079537569686181e+03 6.652068664629670138e+02 1.164962662397620221e+02 2.959495522404181429e+02 3.730327853240655145e+02
2.103939302609845463e-01 9.498836744576661658e+03 2.397823451814310374e+03 6.636332763905350021e+02 1.075493599502011790e+02 2.802588609141242841e+02 3.758733234800236005e+02
2.166909709822303076e-01 9.264007070895393554e+03 2.259496111010442746e+03 3.800964028111460493e+02 1.120808291720534413e+02 2.531896087412778797e+02 3.718612894648738916e+02
2.229700281216153435e-01 9.067228737705350795e+03 2.208161644334447828e+03 4.342352140258432200e+02 9.950573527994357903e+01 2.613491319276226363e+02 2.813716210261766264e+02
2.292620027086338663e-01 8.861257014973827609e+03 2.065349338728446583e+03 3.253648662842469435e+02 9.582261277457807580e+01 2.444074263497482491e+02 3.094339604047955277e+02
2.355141508366817571e-01 8.699812817523181366e+03 2.039703035822018819e+03 5.997150970694285661e+02 9.231704931050698804e+01 2.212123792136517295e+02 3.338595594868463650e+02
2.417910583817857451e-01 8.554962434011533333e+03 1.942170627638250835e+03 5.799918360884895492e+02 8.671314654513334119e+01 2.163986887264221934e+02 3.395963455389813248e+02
2.480856539439623976e-01 8.400208455733001756e+03 1.838779955759476252e+03 3.120207286696033862e+02 9.136673224576142616e+01 1.916142189838485308e+02 2.645794942859766934e+02
2.543492256872958435e-01 8.272468274441565882e+03 1.791930668147750566e+03 6.153328802483383697e+02 9.286245741950448007e+01 1.931949979067253480e+02 2.560056576486638846e+02
2.606334251884803721e-01 8.131384679127692834e+03 1.679924382170250738e+03 3.167989630269866552e+02 7.830757577230762934e+01 1.759988939345209360e+02 2.697097631873986074e+02
2.669257370896964132e-01 8.018700399524300337e+03 1.657300642205244230e+03 2.743109935250539024e+02 7.661015857985861999e+01 1.857653069533310770e+02 2.536055365275081783e+02
2.732423343141156535e-01 7.892489322226095283e+03 1.596366482692475756e+03 5.403130842557791311e+02 8.170436180605460663e+01 1.887502072264723836e+02 2.397931003777364651e+02
2.795529680084418711e-01 7.774218124596087364e+03 1.518419077213808805e+03 3.669228031050747632e+02 6.426579853261637254e+01 1.629193419688987206e+02 1.837229278460498563e+02
2.858366292314497570e-01 7.659922666675327491e+03 1.483385298092426410e+03 3.783336554138085148e+02 7.161150609305494186e+01 1.751053350612715747e+02 1.934475458694771817e+02
2.920876271394308166e-01 7.558998476934770224e+03 1.398868576009864000e+03 4.251614332362507866e+02 6.535765075714601835e+01 1.469444044759717087e+02 2.006018408246373497e+02
2.983449844439824417e-01 7.463628195729767867e+03 1.354447896214380989e+03 3.872428993947071945e+02 6.222743115070687736e+01 1.383400225265338861e+02 2.056993925932764853e+02
3.046382639407203552e-01 7.379526070636215991e+03 1.309013900750822131e+03 2.860218582789580068e+02 6.951988024108059960e+01 1.293083277800086250e+02 1.914853104555408834e+02
3.109279127003192200e-01 7.287813311778380012e+03 1.289131950263557883e+03 2.470458239852806344e+02 5.462916986018451126e+01 1.326402574505540599e+02 1.732192168741103444e+02
3.172168171618394705e-01 7.213269447581787972e+03 1.225704882601716236e+03 4.731098186559358396e+02 5.334880198851949729e+01 1.391806086729251604e+02 1.702143880388808839e+02
3.235187567944422526e-01 7.128493455231340704e+03 1.211513527241059364e+03 3.778206326296702287e+02 6.471188826506249825e+01 1.474743165878500406e+02 1.616422860914989599e+02
3.298168217550390691e-01 7.050166537021028489e+03 1.138501586687184727e+03 4.157794591739725547e+02 4.739893812586118571e+01 1.357451661041662589e+02 1.761515297785426242e+02
3.361176429457159442e-01 6.988224236570651556e+03 1.111213272356517791e+03 1.848280679630989880e+02 5.142950079702044519e+01 1.276703561734358345e+02 1.552639192095824683e+02
3.423700375709270993e-01 6.909526619382763784e+03 1.072843589311388541e+03 3.601441517343175747e+02 5.154062751016417820e+01 1.394862013347444645e+02 1.776930717366001602e+02
3.486478192666270792e-01 6.844890033256026982e+03 1.032725979587807387e+03 3.455347470054441601e+02 4.704898495616095744e+01 1.039020231842412301e+02 1.466586356877934918e+02
3.549411614411324134e-01 6.776973708306284607e+03 1.008827358186220863e+03 2.408739983904736164e+02 4.797061134042935748e+01 1.187077912866676428e+02 1.372348519004447098e+02
3.611916935421037866e-01 6.723997661582385263e+03 9.973058647466491493e+02 5.133144044747214139e+02 4.645763626621459252e+01 1.087069319811866137e+02 1.418603016391587630e+02
3.674767089563573119e-01 6.668988012598706518e+03 9.466117930451393931e+02 1.449717869079623824e+02 4.938159009575340974e+01 1.186668639405815782e+02 1.404997226134094888e+02
3.737647795277587170e-01 6.612930770719007342e+03 9.157898425783976109e+02 3.840897367798024788e+02 4.641963085625118879e+01 9.589818783837078797e+01 1.247403309330536842e+02
3.800654031475126371e-01 6.554148424209469340e+03 8.734239601831384334e+02 1.541245962721310718e+02 4.166377026337620748e+01 9.797927359627823307e+01 1.432308167254940372e+02
3.863539861259823738e-01 6.503686794445213309e+03 8.584209341065929948e+02 3.187353071150558890e+02 4.326352457422787978e+01 1.055160059738707048e+02 1.350707613140823184e+02
3.926140181364445314e-01 6.464315422715149907e+03 8.403463022526015038e+02 2.904634510444449234e+02 4.473220702232860901e+01 1.105678441488532968e+02 1.208609938847191216e+02
3.989264500321928475e-01 6.419577490406522884e+03 8.146369289087094785e+02 3.042610471773325571e+02 4.350835205057238397e+01 8.719887647161637290e+01 1.179658124675008963e+02
4.052073244576838706e-01 6.374508773898914114e+03 7.848479236059988580e+02 2.715393576650342311e+02 4.336779120749674377e+01 9.117567106286415424e+01 1.104256890392491073e+02
4.114916477570467745e-01 6.326703683216984246e+03 7.621552702529169210e+02 1.940746874424208386e+02 3.870775721967311966e+01 9.054599851288536172e+01 1.194767830741396750e+02
4.177814272116499583e-01 6.283794108846859672e+03 7.562158078081229178e+02 3.093065129266821032e+02 3.411481079315820608e+01 7.550150608600128521e+01 1.143051218074354409e+02
4.240400648725137223e-01 6.238929937725368291e+03 7.162084864807588929e+02 2.514037938062371040e+02 3.656779117351760533e+01 8.098357449878228920e+01 1.135308567108188953e+02
4.303425690270188952e-01 6.202903400656512531e+03 6.898628633916496256e+02 2.224293602512238124e+02 4.108988084920297013e+01 9.252768813982264362e+01 1.090358353667399314e+02
4.366358560255625409e-01 6.177179567597590903e+03 6.832353867647636889e+02 3.277535826868383992e+02 3.982471347276491258e+01 7.608729239097833386e+01 1.035022004259787280e+02
4.428996183220757499e-01 6.126217702384203221e+03 6.637093178174939112e+02 2.419298349001527413e+02 3.554243034360055731e+01 8.775986778901166474e+01 1.039424622150547748e+02
4.491634418529863448e-01 6.100178473802150620e+03 6.482411733548541406e+02 1.174162674566684359e+02 3.400905780055840921e+01 8.161451755857895307e+01 1.039758625905918308e+02
4.554414146254737172e-01 6.062345322539186782e+03 6.358366932561784779e+02 2.497283177476408014e+02 3.017982862064521399e+01 8.236831975395286065e+01 1.030251570424316299e+02
4.617634470301064109e-01 6.033311271514190594e+03 6.090470975013074622e+02 2.613563883262660283e+02 3.702930643419765033e+01 6.876544274054654693e+01 1.040921379153921578e+02
4.680644242023699331e-01 6.000284330917479565e+03 6.033988455448484274e+02 2.565598315694073221e+02 3.906910375753381004e+01 6.988072939484035828e+01 9.851092653888179029e+01
4.743485242764365339e-01 5.972524820751317748e+03 5.731417990309599872e+02 1.527235488325482038e+02 3.635584213865066516e+01 8.081254198324928950e+01 1.038603022169006351e+02
4.806356136815404523e-01 5.941470370924322197e+03 5.601094293527088439e+02 2.885494520466901918e+02 3.575430001203709907e+01 6.598489645732247766e+01 9.869130328271384656e+01
4.869019258388700422e-01 5.915742248858941821e+03 5.389219213600047169e+02 2.438691301180630262e+02 3.259225052699749625e+01 6.787642788391248416e+01 9.955636212221267556e+01
4.931697099599948175e-01 5.886728390539456996e+03 5.295361280009943812e+02 1.224798824014995944e+02 3.462939521497710871e+01 6.621949067448817061e+01 9.084678496758917277e+01
4.994506747144528691e-01 5.856549935197791456e+03 5.221128598962737897e+02 2.034245337450517752e+02 3.373088760510376716e+01 6.906798855926513170e+01 8.489040168164594036e+01
5.057159051335419209e-01 5.831502927188024842e+03 5.038736959809464793e+02 2.281299845223065859e+02 3.212892739503007533e+01 6.726676520350312671e+01 8.395696693696568502e+01
5.119923996268105348e-01 5.808877768578571704e+03 4.855572397363128516e+02 2.566847699313523208e+02 3.047153396924400326e+01 6.522435043325099002e+01 8.074825289098292558e+01
5.183126097768416818e-01 5.781117764659516070e+03 4.725993566760404860e+02 1.866563133513427601e+02 2.918320997127599625e+01 6.579751606803614550e+01 9.162998786353560376e+01
5.246089638029102220e-01 5.762368794092782991e+03 4.569249458283892977e+02 2.033636985129671189e+02 2.778172347247401675e+01 6.325181338255759300e+01 9.739361347533163382e+01
5.308757308483345039e-01 5.738937856526354153e+03 4.440186315792385585e+02 1.488315938837853309e+02 2.924759663295558454e+01 6.557043450527933715e+01 9.262959521809692376e+01
5.371573527946723603e-01 5.714410142810182151e+03 4.353204072784558321e+02 1.879315735950697217e+02 2.868045742130388476e+01 6.071880864045439097e+01 7.659093860330852976e+01
5.434579563783777933e-01 5.690213139361560025e+03 4.201304233004570960e+02 2.067643273029170814e+02 2.865658849206624126e+01 5.913985216578991810e+01 8.150088422038257363e+01
5.497430652392212291e-01 5.675027933094234868e+03 4.157087605812860147e+02 1.364186100036519633e+02 2.757686747880613609e+01 5.576313425041499983e+01 9.152365499118710090e+01
5.559937427501769891e-01 5.655089557082883402e+03 4.033364716601582813e+02 2.523770640019536131e+02 2.925355521389206004e+01 6.172534147047509379e+01 7.895319523106277870e+01
5.622854676609650992e-01 5.628515619278851773e+03 4.029158513478417944e+02 1.545406979434810353e+02 2.826970147163476454e+01 5.936582872428038371e+01 7.329991673604642699e+01
5.686011537227260160e-01 5.614261684729045555e+03 3.860711998905883320e+02 1.255453641366368203e+02 3.295010459641723344e+01 5.207587179037842873e+01 8.134830069217581183e+01
5.748804589422088496e-01 5.591021016042267547e+03 3.733530042668976989e+02 1.696283915557658588e+02 2.711128676537389737e+01 6.329059839309834246e+01 6.847526058066685550e+01
5.811550210340565847e-01 5.576577262162849365e+03 3.696694445451859110e+02 2.210696275311750583e+02 2.813863445398481034e+01 6.215381342374710982e+01 7.656903759608489679e+01
5.874394496660978460e-01 5.555268020206041001e+03 3.499872222627519136e+02 1.725119605919633727e+02 2.343776125303858748e+01 5.817698028423163237e+01 7.018154896339665072e+01
5.937176220296914719e-01 5.543681016835705123e+03 3.406894304777171669e+02 1.373941835141867500e+02 3.073334617559531878e+01 5.780426584498576403e+01 7.169883198092925625e+01
5.999971954793680284e-01 5.527411215406330484e+03 3.444647316856106158e+02 1.779497543320043462e+02 2.833449028625559052e+01 5.251216522493456296e+01 7.140158665988217024e+01
6.062679115124268714e-01 5.502017322128792330e+03 3.279446673131935199e+02 1.580416842190444981e+02 2.591132474846548561e+01 5.453372004096932812e+01 6.693677860390228318e+01
6.125469576444541042e-01 5.493623121677069321e+03 3.175095772871494546e+02 1.124237702553306804e+02 2.388851625931354405e+01 5.355002049398229502e+01 7.878358481530054291e+01
6.188477733041523043e-01 5.479828191309068643e+03 3.152280640565744534e+02 1.781935990969247428e+02 2.699533965066417451e+01 4.874997150246981903e+01 6.929871370798775843e+01
6.251310567437898813e-01 5.461798743331547485e+03 3.091215890345071102e+02 1.815925779562140576e+02 2.537457831229547978e+01 4.547449496372998112e+01 6.001931768636574560e+01
6.314027450383218332e-01 5.446452800091898098e+03 2.975597372854274454e+02 1.402484143372547294e+02 2.135380411461195749e+01 4.657094982349438794e+01 6.950876716613670681e+01
6.377003562732066477e-01 5.429619267246785967e+03 2.949620610926943982e+02 1.239839531270357469e+02 2.379690297786617492e+01 4.478280096708445512e+01 5.328006176403121685e+01
6.439857783314552053e-01 5.421193578349188101e+03 2.850806860682802153e+02 1.367565427576189450e+02 2.312540238687098082e+01 4.739220441221883817e+01 6.268452074881819414e+01
6.502685417166119697e-01 5.405334257030153822e+03 2.773885052281351591e+02 1.848775020779463034e+02 2.498040178446904847e+01 4.858771521615063449e+01 6.902463981778811331e+01
6.565586117699032664e-01 5.389491046112571894e+03 2.694437689828421298e+02 1.035880467658540312e+02 2.394080737474755338e+01 4.603029318931719160e+01 6.177659806189212333e+01
6.628369282359255488e-01 5.379938909146406331e+03 2.715337740138829190e+02 1.679597318305090710e+02 2.245273747501911288e+01 4.933150301824070993e+01 6.924257782148920626e+01
6.691185444962199913e-01 5.365638742503108006e+03 2.676946018124506850e+02 1.419046114759408397e+02 2.279184730855255836e+01 4.305184357928461480e+01 6.398675265480776631e+01
6.754070198575594652e-01 5.355753704829680828e+03 2.504866237486642149e+02 1.511431716413397339e+02 2.140647864054611205e+01 5.400887151305810363e+01 5.383142287284046290e+01
6.816835514593213574e-01 5.344871608224625561e+03 2.443273077341163173e+02 1.481251006105927672e+02 2.396071884281565900e+01 4.784036865526777405e+01 6.669364807707999887e+01
6.879592533861687009e-01 5.331236161194226952e+03 2.426893814297774270e+02 9.935188901514446513e+01 2.377466597129999570e+01 4.977456377426108247e+01 5.925623920052338889e+01
6.942344317039532697e-01 5.320238763108613057e+03 2.262543350931130419e+02 1.545747876023249603e+02 2.124667705281029839e+01 4.167486358645995637e+01 5.266480937621850700e+01
7.005175402434737908e-01 5.310539682621151769e+03 2.285879493318116147e+02 1.813581546374654465e+02 2.392184001064905630e+01 4.447026751312313309e+01 6.127386718729114534e+01
7.068124956608703435e-01 5.301795048592187413e+03 2.208709954612292563e+02 1.176711400557908860e+02 2.374828605980395224e+01 4.241430916069919732e+01 5.659737666784819510e+01
7.131019009674923748e-01 5.290778957512108718e+03 2.185355330129118840e+02 1.420630067270713823e+02 2.088376224138931647e+01 5.150005649268631203e+01 5.701226440897450232e+01
7.193918251171426137e-01 5.278671740160781155e+03 2.116581344455576357e+02 1.250306890547991827e+02 2.098596202863419080e+01 4.708468665645840190e+01 5.527861951014238429e+01
7.256833807598122021e-01 5.269499775202309138e+03 2.069913423578494189e+02 1.804849283790547929e+02 2.202060978618739284e+01 4.135876935458076531e+01 6.170627238502829215e+01
7.319652682709345548e-01 5.261047380530008013e+03 2.092898453550875502e+02 7.045069122662069105e+01 2.489620766662431350e+01 4.027543141921520231e+01 5.286320874001784631e+01
7.382507990484925564e-01 5.251418764340941379e+03 2.028860784999450573e+02 1.659981367821510787e+02 2.122653786194715408e+01 4.248496754207221215e+01 4.852558847794804109e+01
7.445265842115936783e-01 5.243068012156081750e+03 1.950594045509273258e+02 1.346355282094214942e+02 2.284594497564050997e+01 4.362726394112343797e+01 5.848357542904216899e+01
7.507871101942715786e-01 5.233662014115784586e+03 1.871148730602837418e+02 1.627274859832223513e+02 2.026721747328571155e+01 3.956672269467504321e+01 4.458697324349143543e+01
7.570758465316056451e-01 5.220971949438437150e+03 1.906486530635275187e+02 8.073948143215676509e+01 2.135132835985586297e+01 3.806287800851976755e+01 5.181683733707887995e+01
7.633641233600958476e-01 5.215037374618054855e+03 1.752207913572663927e+02 1.283310017264344083e+02 2.199599411905598245e+01 3.618890593897256025e+01 5.537160675719972858e+01
7.696462959862260256e-01 5.207649498739251612e+03 1.763307431166546166e+02 1.649221145013904675e+02 2.084058873349825092e+01 4.068633389687111901e+01 5.003726662988646723e+01
7.759394865175424094e-01 5.199385857323693017e+03 1.757285074108378069e+02 1.100063016005599650e+02 2.063125253705175055e+01 3.691149679945216633e+01 5.291169261258988854e+01
7.822329141989574630e-01 5.187501427369237717e+03 1.711244601986174132e+02 1.697224499206620862e+02 1.827509828672508974e+01 4.006711990865792217e+01 5.157213303691190021e+01
7.885314936520245732e-01 5.181447993466351363e+03 1.616587201805002110e+02 1.189358996893132314e+02 1.987982907407657862e+01 3.709942429318800805e+01 5.321770276593264981e+01
7.947896566979525401e-01 5.178233282802703798e+03 1.581439498791137623e+02 1.345571343273230127e+02 1.916928863622268864e+01 3.590655417790335235e+01 4.627929924531388650e+01
8.010491096592360361e-01 5.169093771727420972e+03 1.584800969756260827e+02 1.134882337066079003e+02 2.259357332531283191e+01 4.000762401520927369e+01 5.121968391600539405e+01
8.073364061727370533e-01 5.162477925951819088e+03 1.547136051010149060e+02 1.375511620655646823e+02 2.060848482007780547e+01 3.672111672815784544e+01 5.632568713276786099e+01
8.136229488373869501e-01 5.155883158648651261e+03 1.477212956723911930e+02 1.275443388139725158e+02 1.931149248425891685e+01 3.364105826861582926e+01 4.726372445459980298e+01
8.199152998961044547e-01 5.148977323854710448e+03 1.502569504288682083e+02 1.706648292264977442e+02 1.816429678231900269e+01 3.737517349908092967e+01 5.004989126890784235e+01
8.261952636392780880e-01 5.142841118996027944e+03 1.443278600829724496e+02 8.496725791862989752e+01 2.075138595977141165e+01 3.783880193193243002e+01 4.754999463422747397e+01
8.324897070080409245e-01 5.136761719586967956e+03 1.410366113674878079e+02 1.697184726050261361e+02 2.136859862450939218e+01 3.285435352110820162e+01 4.196679490926813116e+01
8.387959309210788472e-01 5.133858759604925581e+03 1.385994144225981586e+02 1.174259101129432139e+02 1.727319512858279893e+01 3.313145597738432002e+01 4.513492989461607152e+01
8.450634639703052953e-01 5.126350212652380833e+03 1.339498100629802195e+02 1.467770853122272854e+02 1.884296023430204414e+01 3.511330839511609270e+01 4.286045750497152085e+01
8.513282867562657064e-01 5.122562711071476770e+03 1.301077020089954033e+02 1.120547425064684433e+02 1.740364291224311089e+01 3.850588338516759279e+01 5.111482113506685465e+01
8.576198263902015118e-01 5.116642020502808919e+03 1.274217361260485148e+02 1.555985930358718861e+02 1.737633225430297657e+01 3.662953361779205608e+01 4.649045144864837908e+01
8.639058477062401264e-01 5.108568963340481787e+03 1.269645495152592787e+02 1.423978858507680627e+02 1.819463203347849856e+01 3.339672930172550736e+01 4.444128949949777763e+01
8.701838745487587845e-01 5.103652350595611097e+03 1.211767381679320010e+02 1.357738122845092335e+02 1.921532014649417874e+01 3.962060311736402696e+01 4.298099065335554059e+01
8.764641096075256321e-01 5.100503491296689390e+03 1.248494726877554797e+02 1.465306115968990071e+02 1.812142891367554043e+01 3.401394039026929050e+01 5.101471578339733526e+01
8.827503873399726864e-01 5.094099804806203792e+03 1.145236143097988446e+02 1.241708383967827274e+02 2.187810746510846016e+01 3.388128181110202775e+01 4.546162755450381354e+01
8.890332768393857110e-01 5.089716366519201983e+03 1.124864860565407412e+02 1.783333513444679284e+02 1.752143340138655958e+01 3.577671493941468839e+01 4.793922570661124638e+01
8.953084247113128891e-01 5.085863691521418332e+03 1.186733138801261731e+02 1.275686524681548377e+02 2.000229985604785554e+01 3.455566496763292150e+01 4.758806810905386442e+01
9.015956521667090051e-01 5.081895237256275323e+03 1.092747394649607173e+02 1.309765742591682169e+02 2.063069195322681892e+01 3.284908523453730567e+01 4.282368149522270073e+01
9.078833328094809696e-01 5.079994787622965305e+03 1.115105932031544711e+02 1.835265891165801122e+02 1.685976490742696399e+01 3.266184417524980432e+01 4.340753953371965679e+01
9.141744106319863450e-01 5.075935911640609447e+03 1.055978744041377695e+02 1.313542547573752586e+02 1.815621324222145816e+01 3.313316632696434993e+01 3.798505219077230777e+01
9.204630817717610602e-01 5.073272426850358897e+03 9.514944459692001999e+01 1.581337306042787816e+02 1.843843870942426477e+01 3.328726294842005018e+01 4.241604663604000791e+01
9.267434415264698133e-01 5.069366880159665016e+03 1.060156674752122115e+02 1.452442254741776253e+02 1.794882824786160924e+01 3.505454894202345173e+01 4.200881212357374039e+01
9.330324197354932236e-01 5.066674527646865499e+03 1.081108550431106607e+02 1.628206109717409618e+02 1.597462075676689430e+01 3.140424012770898443e+01 3.709308344297189564e+01
9.393265785573858828e-01 5.063714241132282950e+03 1.046877401758063399e+02 1.735354163885659489e+02 1.766855158312337792e+01 3.318986402743378505e+01 4.607188683095642290e+01
9.455974810398213304e-01 5.058481422928301072e+03 1.014963334601810487e+02 1.475275344612373658e+02 1.787851835310870641e+01 3.238288044492930595e+01 4.002610403336188938e+01
9.518660018545158641e-01 5.059624088525362822e+03 9.863598074002169369e+01 1.582914319113060344e+02 1.814702795086613207e+01 3.215282177865389457e+01 4.696136139019148459e+01
9.581413255531853190e-01 5.055265944959000080e+03 9.698679323567226618e+01 1.529617024975068489e+02 1.876028761358544372e+01 3.001796559201472547e+01 3.718760296006363575e+01
9.644350945109085860e-01 5.053839251914731904e+03 8.931452413003404445e+01 1.687617678030269985e+02 1.862087398724472820e+01 2.730004266073479613e+01 3.912575856259160645e+01
9.707355633568254261e-01 5.049169731885690453e+03 9.255878478816292443e+01 1.666617976122321920e+02 1.949583568561476099e+01 2.992909176039198371e+01 4.211468941967016377e+01
9.770080768450051245e-01 5.052624906790219939e+03 8.878563512570360672e+01 1.825854825114056155e+02 1.695852802451270946e+01 3.169345210419663772e+01 4.435196638585286166e+01
9.832823325363432287e-01 5.047274564124939388e+03 8.869105114066069007e+01 1.603034552826161132e+02 1.580356261252359928e+01 2.864592810961933367e+01 3.553213844758157336e+01
9.895569691966689119e-01 5.046823583138224421e+03 8.886817487663586235e+01 1.930961972028127605e+02 1.828901702898973980e+01 3.169835890804048617e+01 3.623472115216566891e+01
9.958456301921085885e-01 5.045955657566068112e+03 8.372927515511950958e+01 1.762150618188335613e+02 1.624861822222589680e+01 2.832201970910158551e+01 4.026162826149020191e+01
1.002136210743838518e+00 5.042932262809469648e+03 7.642047767935582669e+01 1.746226273940600322e+02 1.662007251328480706e+01 2.929391572482358086e+01 4.012733040737183643e+01
1.008404825335134314e+00 5.043266565597720728e+03 8.336514990987465978e+01 1.725434085385828098e+02 1.971874460852772515e+01 2.951040987015192840e+01 4.054651039369542076e+01
1.014694149836244952e+00 5.041240115924232668e+03 8.039965246989945058e+01 2.101567641614173283e+02 1.774493875203863169e+01 2.784626696344344410e+01 3.859475417720553025e+01
1.020992555437298721e+00 5.039186133243380937e+03 7.756747249150318169e+01 1.776154185287233247e+02 1.674969303220929007e+01 2.690469700438263345e+01 3.999374737172173155e+01
1.027273980437395595e+00 5.040133149933521054e+03 7.690013100734628892e+01 2.265122240003392733e+02 1.675793251705077580e+01 2.552251559385256741e+01 3.921761755042879827e+01
1.033559181896019696e+00 5.040476195348167494e+03 7.762670824660055757e+01 1.975943766498017169e+02 1.715998973856808973e+01 2.818669592812022628e+01 4.089746472375254172e+01
1.039847557392594046e+00 5.039679823027202474e+03 7.143283922136542685e+01 2.067306690933864104e+02 1.675306451910120487e+01 2.954170530072502387e+01 3.172186352042254853e+01
1.046126974943305532e+00 5.042417862231829531e+03 7.182478578724449392e+01 2.320808020460474665e+02 1.617286556548980769e+01 2.795256156726526342e+01 3.672494217100210534e+01
1.052403436811030213e+00 5.042147869147176607e+03 7.060195849917965916e+01 2.165704565810534632e+02 1.569119804524158823e+01 3.094375143868861855e+01 3.758703863305617432e+01
1.058680704651607352e+00 5.041081443176806715e+03 6.972793045429696690e+01 2.050357202901840310e+02 1.580914509292691328e+01 2.786040562342924076e+01 3.691078976290774705e+01
1.064964333065788304e+00 5.040961533288991632e+03 6.957298141319793672e+01 2.137498317881469063e+02 1.536213895007065133e+01 2.714766842677188308e+01 3.520294343773719703e+01
1.071256777440836805e+00 5.041766137211031491e+03 6.994797948633998885e+01 2.623548770701058857e+02 1.715992262993067285e+01 2.966316432960059046e+01 3.764892822565385444e+01
1.077544048801076348e+00 5.045344654663957044e+03 6.930627583535316205e+01 2.170835006637607023e+02 1.607578079541348259e+01 2.957383092631094357e+01 3.615236940989996128e+01
1.083824820188042048e+00 5.045445126150003489e+03 6.430972546044678495e+01 2.243770699431317155e+02 1.648862381674257094e+01 2.604286074469969492e+01 3.824227233924258229e+01
1.090108023942818027e+00 5.048315785933162260e+03 6.266388540355835346e+01 2.688592542542838828e+02 1.599580032993834244e+01 2.868152541816968082e+01 3.607416457053202663e+01
1.096389665956645887e+00 5.047415821948316079e+03 6.401083539683533274e+01 2.663244308955262909e+02 1.545506416520062309e+01 3.125249356239721976e+01 3.562342187835475471e+01
1.102681132058843660e+00 5.051671863554906849e+03 6.265437217446586260e+01 2.560564140703044700e+02 1.820578561038392351e+01 2.736195186838166649e+01 3.190608045618008859e+01
1.108963047594880624e+00 5.053297987074470257e+03 5.771357561484344245e+01 2.552692349327505497e+02 1.523956191390709769e+01 2.973323706250383580e+01 4.073358166592969098e+01
1.115225428463759272e+00 5.055605767339494378e+03 6.038066720254832376e+01 2.761420204505834590e+02 1.644518154981806646e+01 2.853941116545563617e+01 3.365703421805665130e+01
1.121502127614764976e+00 5.058800230875276611e+03 5.684563284648830006e+01 2.851118553125459698e+02 1.796792679225693945e+01 2.541665878203771811e+01 3.176004463169225644e+01
1.127792573824791811e+00 5.059162364702448031e+03 6.193399297686086413e+01 2.788367285628776813e+02 1.643649605250146450e+01 2.702588304879848025e+01 3.980890307776131465e+01
1.134089552668384293e+00 5.063749047747481200e+03 5.994633150350299644e+01 3.134234836097110701e+02 1.452281270948075687e+01 2.866332131158573304e+01 3.457287204021577054e+01
1.140364049650404388e+00 5.067137851559131377e+03 6.143175489421695801e+01 2.760515789728434015e+02 1.547807918233760915e+01 2.663208484119826736e+01 3.770437009224063729e+01
1.146639180320977669e+00 5.071377617784739414e+03 5.157318708592883638e+01 3.291141909570056328e+02 1.716198703625763144e+01 2.680547286696323184e+01 3.259949322472080979e+01
1.152942412991649457e+00 5.075004255339898918e+03 5.271290051702089130e+01 3.136607124112973679e+02 1.756730283573918072e+01 2.504201365469801743e+01 3.698213067367544227e+01
1.159228906751081034e+00 5.078975700222621526e+03 5.515607586053071998e+01 3.200003599333298325e+02 1.595168514026235940e+01 2.783304063453386235e+01 3.386436134434306666e+01
1.165508721887266619e+00 5.084674752919803723e+03 4.964316774592705883e+01 3.347992585570151505e+02 1.725704606008104491e+01 2.769891060458392573e+01 3.204979685658238253e+01
1.171793076256208543e+00 5.089768121973716006e+03 5.651857996735693490e+01 3.489387371274388556e+02 1.499585088923800846e+01 2.630913351625552821e+01 3.026235988273268163e+01
1.178087436369661622e+00 5.094138516660891582e+03 5.261916945238948529e+01 3.556616536174681755e+02 1.696283709190129940e+01 2.440818114097391955e+01 3.155301156490468628e+01
1.184367654251528235e+00 5.096836684203198274e+03 4.719106174243465546e+01 3.525168937490565213e+02 1.790783375948741352e+01 2.580206672583037886e+01 3.150606910401261018e+01
1.190634642299269075e+00 5.103990330648884992e+03 5.348123404122377167e+01 3.728557817522432742e+02 1.562345931141818411e+01 2.663454414489334354e+01 3.632518516641442119e+01
1.196912208834402191e+00 5.107439373084361250e+03 4.828298596994292780e+01 3.707492966535901360e+02 1.419266359957290291e+01 2.170138478647641378e+01 2.815335185052842348e+01
1.203201577354147345e+00 5.113183880695451080e+03 4.738451302146373223e+01 3.763818844400172452e+02 1.663443140236712736e+01 2.592398395785901855e+01 3.167135069903486411e+01
1.209486844441702624e+00 5.119804298230505083e+03 5.466013950415389644e+01 4.200077974939605383e+02 1.653462121495906345e+01 2.669136892361819591e+01 3.301636504489089674e+01
1.215763902074811442e+00 5.125935543919336851e+03 4.895199724486919735e+01 4.249577625141469071e+02 1.716525231228853698e+01 2.667284868734351022e+01 3.261684015140488668e+01
1.222049755171144669e+00 5.134436084610256330e+03 5.025789917104352611e+01 4.217311555450687024e+02 1.746053220806655659e+01 2.576595899074547802e+01 3.235449944343241668e+01
1.228340616621484083e+00 5.138791408806262552e+03 5.123669889634290797e+01 4.406922014031526373e+02 1.657288618767870503e+01 2.627538952852891541e+01 3.740370100708529577e+01
1.234632986576929881e+00 5.148132348658404226e+03 4.273797703420964922e+01 4.395995265031041299e+02 1.606106699434005591e+01 2.374120562651089372e+01 3.233794656024589642e+01
1.240902247176858930e+00 5.156679271599767162e+03 5.044125537776793777e+01 4.881819086829553385e+02 1.663907636157179581e+01 2.512045882997264812e+01 3.135240317603435756e+01
1.247174839144689962e+00 5.162627835599272657e+03 4.881590451416948184e+01 4.429055447178986924e+02 1.590248066664249649e+01 2.721523839285300284e+01 2.981069150106753796e+01
1.253465459933440274e+00 5.172452109875418500e+03 4.509899798206660648e+01 5.198248383087677666e+02 1.646570612231561981e+01 2.425107258131991372e+01 2.940184848898423198e+01
1.259749951892175979e+00 5.180528932078575963e+03 4.609920896603360063e+01 5.010491294933231075e+02 1.764134054558675047e+01 2.795095290045435377e+01 2.829451595501216232e+01
1.266032143127251208e+00 5.188679718044199944e+03 4.341672780189543346e+01 4.980820569028039699e+02 1.750986778267457211e+01 2.687596729750132951e+01 3.310086481315158125e+01
1.272316288472009171e+00 5.199599400643374793e+03 3.980245096148552619e+01 5.212888129821982375e+02 1.757679222678402908e+01 2.159633262844806012e+01 3.153763893416024189e+01
1.278604155058619130e+00 5.207938351333417813e+03 4.675488162394769631e+01 5.406021709251452876e+02 1.550175822729440434e+01 2.254037988523629110e+01 2.908685648703826487e+01
1.284886588933591645e+00 5.218827211362477101e+03 4.286744850433643705e+01 6.000288680711460074e+02 1.610870584936148475e+01 2.491755971536994352e+01 3.319593317015235101e+01
1.291175420066580593e+00 5.230096353129656563e+03 4.653749722302401182e+01 5.661970257956542127e+02 1.584362411654555736e+01 2.810668166926697964e+01 3.609879609504342568e+01
1.297465726373772332e+00 5.239930049606321518e+03 4.854526115549963095e+01 5.970200682141781954e+02 1.700129052930519435e+01 2.265159035971104373e+01 2.813888464563987668e+01
1.303741827011946519e+00 5.252434686858960049e+03 4.433723795430461223e+01 6.069330107850105378e+02 1.608366994748984524e+01 2.498363617650012003e+01 2.883321490946307009e+01
1.310017322922760963e+00 5.262736515481635251e+03 4.376497521821855941e+01 6.493197540668692227e+02 1.639709746440465210e+01 2.569634439828718442e+01 3.069927725944913988e+01
1.316301447662883595e+00 5.274830725934456495e+03 4.348762363028237132e+01 6.418097299882397238e+02 1.793081134440622648e+01 2.215881831351344999e+01 3.003212746967810531e+01
1.322586760363304581e+00 5.288956905700284551e+03 4.253945717962765372e+01 6.592064801867923052e+02 1.782743257129567382e+01 2.466996884031400938e+01 2.975337009524567833e+01
1.328865492452876218e+00 5.301369133639916981e+03 4.189211277218041829e+01 7.045234197034177441e+02 1.804982037373215320e+01 2.582921511843933615e+01 2.877424510302756389e+01
1.335144804954553344e+00 5.316003914520456419e+03 4.532230509535568075e+01 7.350273433638077449e+02 1.657382484385309240e+01 2.397490037916476524e+01 2.819068214002632544e+01
1.341440516272272898e+00 5.326527395295373026e+03 4.310024113952125191e+01 7.200454373614005590e+02 1.622043217912417390e+01 2.726002481212139728e+01 2.804040695131370242e+01
1.347730868417091887e+00 5.342572617526820068e+03 4.290127555622669320e+01 7.537752814962295815e+02 1.768270672857883952e+01 2.429898940128880724e+01 3.248370964971817187e+01
1.354001589994878962e+00 5.357493417982908795e+03 3.995071040339303892e+01 7.891316699690488576e+02 1.732346907964527460e+01 2.371240629702603897e+01 3.072733717102716255e+01
1.360282609297780221e+00 5.373087052281658544e+03 4.018312672628611892e+01 8.163134495373067239e+02 1.739700638312768533e+01 2.413847921277590558e+01 3.346385208865152094e+01
1.366565686457594131e+00 5.387929193683971789e+03 4.363455637840856127e+01 8.168906090402633708e+02 1.702216176323880248e+01 2.512728746329414165e+01 3.072441968755201103e+01
1.372851498482431820e+00 5.405568534246785930e+03 4.123871266956654580e+01 8.430572705081608547e+02 1.610513659071783721e+01 2.611914441430125677e+01 3.256188583513281287e+01
1.379135372929400027e+00 5.422161584860267794e+03 3.758517932055870148e+01 9.148348399830148310e+02 1.694474654781454248e+01 2.491889348992483733e+01 2.918356626646850671e+01
1.385409567149054944e+00 5.437681144988949200e+03 4.392097981200194567e+01 8.891397440948891244e+02 1.708613602023048372e+01 2.225957256666458406e+01 3.340341190465594678e+01
1.391698641219296873e+00 5.456712357511448317e+03 4.008273162695577696e+01 9.252524432692539449e+02 1.940958010212044726e+01 2.302434917399670766e+01 2.755163858911935293e+01
1.397984451439470144e+00 5.477892691277477752e+03 4.219963605660582573e+01 9.843030804353048779e+02 1.759635469439292166e+01 2.799364397739532961e+01 3.387748402366432998e+01
1.404267883409179074e+00 5.496477845012072976e+03 3.614095315276277631e+01 9.979875553356697537e+02 1.761003112410107718e+01 2.396978244632468957e+01 3.107083907547737667e+01
1.410554779484869181e+00 5.514030903167219549e+03 3.876817947691895938e+01 1.014621554954479393e+03 1.698717425443408047e+01 2.782496799362894535e+01 3.026480104931019000e+01
1.416837833547465175e+00 5.533397984415720202e+03 3.578526527201795204e+01 1.063326032692342778e+03 1.981464431085505495e+01 2.566694147973370477e+01 2.698495866513264119e+01
1.423118177187137068e+00 5.555587862398562720e+03 3.874060988297032537e+01 1.099228049047840841e+03 1.847383674353087457e+01 2.796137617260296437e+01 3.492796403435748687e+01
1.429397801164241422e+00 5.577067429361161885e+03 3.872189748567272005e+01 1.105023165198628931e+03 1.777800038495398027e+01 2.223108310983601399e+01 3.117212271184393657e+01
1.435686921822789675e+00 5.598348308864605315e+03 4.091414066794638416e+01 1.169295116670748030e+03 1.718398554175195159e+01 2.271748393073065131e+01 3.051666368513085814e+01
1.441977121769298487e+00 5.621507177735464211e+03 3.857446985512613225e+01 1.171615062121014262e+03 1.802179543068301726e+01 2.394663531380378885e+01 2.798973280145761322e+01
1.448253667853332427e+00 5.646889389956803825e+03 3.450620632451663283e+01 1.254511847934421894e+03 1.846215975959835021e+01 2.498924610519325284e+01 2.934961623088467775e+01
1.454532348972176425e+00 5.669767785365927011e+03 3.887888240341709434e+01 1.278873681491015986e+03 1.951579689930560235e+01 2.779155711852187238e+01 3.521322136052943108e+01
1.460819319151880569e+00 5.693349198723944028e+03 4.174016826537008740e+01 1.290252611580536495e+03 2.012252282977224027e+01 2.943131223717954725e+01 3.133692395893492133e+01
1.467110364402029132e+00 5.720066285769683418e+03 4.125954453642762587e+01 1.348764398327685967e+03 1.688806260467048403e+01 2.349612357600425128e+01 3.251006840302034107e+01
1.473392908948963687e+00 5.747483984576329931e+03 4.059973332106196153e+01 1.384762532868028984e+03 1.956001426910607321e+01 2.579708493498342747e+01 2.899363368375189154e+01
1.479669965243600949e+00 5.775831818892762385e+03 4.139584667085451741e+01 1.461115876924586701e+03 1.978534585091134446e+01 2.393125237750545864e+01 2.657173700009541406e+01
1.485956144602842866e+00 5.802092814424178869e+03 4.040890122777388882e+01 1.459308225809386158e+03 1.863176223570421897e+01 2.593952236134516554e+01 3.067234225804957148e+01
1.492233610763113338e+00 5.832119311479137650e+03 3.840631505489884034e+01 1.535402889205279280e+03 1.837649018751336172e+01 2.585169164269742126e+01 3.340342457244988594e+01
1.498502470379977858e+00 5.861753394070637114e+03 3.675699629376477162e+01 1.573823034068826473e+03 1.807997389093537777e+01 2.680523963942500743e+01 3.146069438598080126e+01
1.504785752051181813e+00 5.891568963053061452e+03 3.867724691945036142e+01 1.594719441205785870e+03 1.935592955134127280e+01 2.734591835535072235e+01 3.550717944697881734e+01
1.511075991894576198e+00 5.922733502888616385e+03 3.816006703938178646e+01 1.654223361958470150e+03 1.885626768565859024e+01 3.072525367516259465e+01 3.093700701289567689e+01
1.517361634985161301e+00 5.958074702428986711e+03 4.218766190920554493e+01 1.744655318333302830e+03 1.924420584829310599e+01 2.457834969079718590e+01 3.337545896153325486e+01
1.523648570969129645e+00 5.989403445944022678e+03 3.857088315574644355e+01 1.771284890536826651e+03 2.173192317945824925e+01 2.494156975109840246e+01 3.499070845713649902e+01
1.529938035715891820e+00 6.025344517184063989e+03 3.601788022945733303e+01 1.839383179547435702e+03 2.033549069889626892e+01 2.962904367920040016e+01 3.488887109745500226e+01
1.536230176913892409e+00 6.060579427591514104e+03 3.776915213648049985e+01 1.874583787031039037e+03 1.946839668673282375e+01 2.742501832186646382e+01 3.150158549710972622e+01
1.542510718779387835e+00 6.100145613929616957e+03 3.564991326695950846e+01 1.959406462668188851e+03 2.044714746435761299e+01 2.657783953807124178e+01 3.419638904714905436e+01
1.548783963082979387e+00 6.132840194264196725e+03 4.001256676331355067e+01 2.007348516035106968e+03 2.054963587402641423e+01 3.150598741464389718e+01 3.638939529916488169e+01
1.555073069779649764e+00 6.174613901768041615e+03 3.948022094662941583e+01 2.070328927793505500e+03 2.101831808551053982e+01 3.028496549391161707e+01 3.415693106661139922e+01
1.561357324927231449e+00 6.211805012548593368e+03 3.959471837406956496e+01 2.139726980612778789e+03 2.068741076554668368e+01 2.977953928410852313e+01 3.309131462924749911e+01
1.567629121053141228e+00 6.253887740388977363e+03 4.542751236112382429e+01 2.195541266241545600e+03 2.180724979411522213e+01 2.955634104271055307e+01 3.257171577163769172e+01
1.573913697404381029e+00 6.296145477704126279e+03 3.982866436287859102e+01 2.281571031373388905e+03 2.033128261590723085e+01 2.878865479100649338e+01 3.557634572200647938e+01
1.580203545230875806e+00 6.335797363375050736e+03 4.252252510774646765e+01 2.315166476304365005e+03 2.115170216777477208e+01 3.113542773654418738e+01 3.737257320515965375e+01
1.586485393434540425e+00 6.384784940892755913e+03 3.942586498065669076e+01 2.426089400633282366e+03 2.101982961811732054e+01 3.105249859568231230e+01 3.358544878212394735e+01
1.592760014263006729e+00 6.427921147955149536e+03 4.551652002297930011e+01 2.494655391881489777e+03 1.906272200761639368e+01 3.243542290387781435e+01 3.225778338333326900e+01
1.599046436394672144e+00 6.475660518705558388e+03 4.139214967294744696e+01 2.551297521751821478e+03 2.159657839051186201e+01 3.397795497157812150e+01 3.795727902214778737e+01
1.605342136637480044e+00 6.527839145664981515e+03 4.402421459920254421e+01 2.683893668160917514e+03 2.222093289405691152e+01 2.636346876347419865e+01 3.737205857310032542e+01
1.611619768363549587e+00 6.555095260669689196e+03 3.956763644412859549e+01 2.451497763999516792e+03 2.181586501203043582e+01 2.830910820045469833e+01 3.474144481138643670e+01
1.617897168352386172e+00 6.571531453540360417e+03 4.427183239995513730e+01 1.991345959327803257e+03 2.299579711882806166e+01 2.642765096530768076e+01 3.136964601582608125e+01
1.624182708540047093e+00 6.585077121732834712e+03 4.481583461665376689e+01 1.505701695580918567e+03 2.183448633888564316e+01 2.814022066143763112e+01 3.496618215594394030e+01
1.630464079945965317e+00 6.599597897439072767e+03 4.737150151710643797e+01 1.068864142294892872e+03 2.262589459231522326e+01 3.004998043377210593e+01 3.431992534195980937e+01
1.636748246831682740e+00 6.613485574234520755e+03 4.773255840416943840e+01 6.355142618393927023e+02 2.137394470526832890e+01 2.694904606104941891e+01 3.501337656629479511e+01
1.643030138268463336e+00 6.628098472402052721e+03 4.359336428919556283e+01 1.963304319239632605e+02 2.272586100762562111e+01 2.803612363007551522e+01 3.147977919707754069e+01
1.649308080633230755e+00 6.643583917229942926e+03 4.753629580567800872e+01 -2.320779157711480707e+02 2.180029760540160311e+01 2.923580073909720056e+01 2.925776927414938910e+01
1.655592248634408792e+00 6.656543834637623149e+03 4.591824594953904182e+01 -6.858876975882408260e+02 2.236608709085976798e+01 2.996736593995656506e+01 3.093273788194587581e+01
1.661878275983173614e+00 6.675796566313926633e+03 4.616812525263598133e+01 -1.050136648580706606e+03 2.055590959349333247e+01 2.802191784925994611e+01 2.931640335444291523e+01
1.668168239935281072e+00 6.690486697426825231e+03 4.705639837522223701e+01 -1.473827047794801956e+03 2.150017561646353670e+01 2.837151879225247697e+01 3.225804951835616663e+01
1.674449561104449424e+00 6.710412675348504308e+03 4.756205815185616359e+01 -1.847400625521623624e+03 2.286587945686121870e+01 2.555874132333078563e+01 3.453251309532313229e+01
1.680721385631072984e+00 6.724996404556874040e+03 4.669474770850843015e+01 -2.246053053760287185e+03 2.225939618939674247e+01 2.747342256576622077e+01 3.297041773407998022e+01
1.687012154238810790e+00 6.745002975246788992e+03 4.974924667661125710e+01 -2.622092654359068092e+03 2.232025397165308789e+01 2.941413889859839870e+01 2.672807325882238416e+01
1.693307480798931897e+00 6.760660524763003195e+03 4.624949476119543590e+01 -3.004369830230810294e+03 2.236275651502885253e+01 2.798379588142108787e+01 3.052069120513246858e+01
1.699580643034863892e+00 6.778420956401055264e+03 4.353975334266947073e+01 -3.376934437482551857e+03 2.302485693095019315e+01 2.520865270857440521e+01 2.924369627232184499e+01
1.705861793443982588e+00 6.798792018131149234e+03 4.961490279978577433e+01 -3.725176484407977568e+03 2.211710730856851015e+01 2.707359810821017732e+01 3.149066481129385409e+01
1.712151724187929380e+00 6.819555694069485980e+03 4.661609478586063915e+01 -4.056140206407422738e+03 2.300486629143410156e+01 2.865354240013022391e+01 2.906620599852367803e+01
1.718435386170170664e+00 6.839253058953111577e+03 4.523590470143980724e+01 -4.430002101930851495e+03 2.155794550904250073e+01 2.558291555801437767e+01 2.880319414147231072e+01
1.724718446936040595e+00 6.858555854710100903e+03 4.571654006902097223e+01 -4.792015928059115140e+03 2.208466025272931788e+01 2.317288272718905162e+01 3.153502904729968037e+01
1.730994918436047358e+00 6.883754127740391596e+03 4.696418430247095444e+01 -5.093863591903569613e+03 2.488987779432205372e+01 2.648666754066557871e+01 3.621268616811228469e+01
1.737286360319066914e+00 6.898653086598027585e+03 4.355404416007798574e+01 -5.447397712552356097e+03 2.371952996416937864e+01 2.592181486101209842e+01 3.329965075860535961e+01
1.743566302575459526e+00 6.925990775136938282e+03 4.407866829587925395e+01 -5.763177761523341360e+03 2.372135312998237211e+01 2.716675218164916927e+01 3.418002892445920082e+01
1.749836007777001434e+00 6.944716408811048495e+03 4.648569999353681226e+01 -6.096490614230893698e+03 2.017722439966316728e+01 2.629867874745687217e+01 3.109190708303381712e+01
1.756123278691396727e+00 6.969947872795752119e+03 4.136546462769243249e+01 -6.394319875995428447e+03 2.248636967642544704e+01 2.599432804407602760e+01 3.275041913043118313e+01
1.762410616056257373e+00 6.993372162123648195e+03 4.238856551394791694e+01 -6.718989953477309427e+03 2.380878771254579718e+01 2.669612299723475601e+01 3.661117839136264251e+01
1.768693578959047663e+00 7.016444795444046576e+03 4.994028708723617171e+01 -7.016152001530972484e+03 2.279622779410395239e+01 2.526856177350568444e+01 3.635158678830727297e+01
1.774976748387104175e+00 7.040767045287714609e+03 3.997971033036298394e+01 -7.324542320713841036e+03 2.385992266479768276e+01 2.876868780267443171e+01 3.373719527108258376e+01
1.781263621606409053e+00 7.062460851090339929e+03 4.150296701988094128e+01 -7.629991288582598827e+03 2.188994684849615524e+01 2.503542049623740340e+01 3.774369776332211046e+01
1.787545747605802537e+00 7.092113029820787233e+03 4.074419466129303657e+01 -7.912938990334833761e+03 2.587628467419284561e+01 2.694979019337917236e+01 4.469495581014820118e+01
1.793827292298743492e+00 7.116362298346220086e+03 4.262701694616612969e+01 -8.200811549791245852e+03 2.661612989063701562e+01 2.542068284909333187e+01 4.484523274437540152e+01
1.800107721741653455e+00 7.144149685012743248e+03 4.110998808915567793e+01 -8.494067798357948050e+03 2.525332858738754993e+01 2.762218154065540077e+01 4.490000048561324064e+01
1.806390913906788187e+00 7.169361624308602586e+03 4.269095642724690975e+01 -8.787674819884196040e+03 2.417599492177464882e+01 2.508841419181286980e+01 4.520438721785254899e+01
1.812674514274334348e+00 7.198078053332154013e+03 4.051901958127679393e+01 -9.066998772684864889e+03 2.479628277157323879e+01 2.789170356465947975e+01 4.631454389023183182e+01
1.818953635235058819e+00 7.228362168508107061e+03 4.255092744304374008e+01 -9.342619444430531075e+03 2.661183550787862373e+01 2.962096811386732753e+01 5.188364436594674345e+01
1.825238502908660854e+00 7.262145146499060502e+03 4.314457429737822736e+01 -9.595939166519330684e+03 2.496798236720918851e+01 2.530680977926932584e+01 4.508197407020169578e+01
1.831523686200806189e+00 7.286842231373064351e+03 3.959941388211016289e+01 -9.892783891732848133e+03 2.333771341477031669e+01 2.596809704209296754e+01 4.157169114602965010e+01
1.837810408980658394e+00 7.319837680513454870e+03 3.909322474208376264e+01 -1.014899355092925180e+04 2.492736175490645678e+01 2.552947372943960858e+01 4.308209126196632610e+01
1.844096426121077492e+00 7.349368913081523715e+03 3.541286413829942603e+01 -1.042548868961342305e+04 2.622878986961669057e+01 2.583868324118527937e+01 4.646277693433112432e+01
1.850376921502977945e+00 7.384254238844732754e+03 3.768257106802366962e+01 -1.067754278892546245e+04 2.492454005021985708e+01 2.322937251021039984e+01 4.899269839930972381e+01
1.856660745938626844e+00 7.413132966044026944e+03 4.151342818219971065e+01 -1.095578580224373582e+04 2.726978005762964230e+01 2.501885674323491671e+01 5.063353568184015074e+01
1.862943598087620778e+00 7.448956884049602195e+03 4.048608588928259877e+01 -1.121898868767028762e+04 2.558424475035970502e+01 2.598557255071434469e+01 4.903893344661275933e+01
1.869222049173968170e+00 7.487259222081576809e+03 3.692617786396679236e+01 -1.145356977564361659e+04 2.599056640465039436e+01 2.675262823648410659e+01 5.189074971111502776e+01
1.875507813572975913e+00 7.520129036655573145e+03 3.928000258550693502e+01 -1.172769709771542512e+04 2.644158357702267281e+01 2.539317939433260918e+01 5.392250041950272532e+01
1.881794995065832587e+00 7.556166746111745852e+03 4.297052284363824270e+01 -1.198811244094285576e+04 2.936091923361596656e+01 2.653618544191325412e+01 5.767497416822548928e+01
1.888077813137499783e+00 7.597214989245765537e+03 3.905350119162356748e+01 -1.222736804241047321e+04 2.602379426419875941e+01 2.602741091987262578e+01 5.010012801487301459e+01
1.894352445015747621e+00 7.633074489101575637e+03 3.785899137988072738e+01 -1.249688398122444778e+04 2.776989585093148705e+01 2.605672783813697180e+01 5.939193388456500600e+01
1.900637968851024207e+00 7.672000146325911373e+03 3.869073125649081391e+01 -1.273853797205971387e+04 2.822351895738522032e+01 2.520956465072772446e+01 5.609539411239766338e+01
1.906928337228585901e+00 7.710090736668871614e+03 4.182889375097924045e+01 -1.300862414320373136e+04 2.761701013453548015e+01 2.894036428116865522e+01 5.860251541678253062e+01
1.913202215858525790e+00 7.755915606866594317e+03 3.514338483605907015e+01 -1.323836735625192341e+04 2.792464986313063235e+01 2.776173669544326472e+01 5.615241753362836619e+01
1.919482234454099157e+00 7.795349635160606340e+03 3.595537391518872994e+01 -1.348093511772896090e+04 2.898866254898513972e+01 2.931539195829262567e+01 6.147376793061589950e+01
1.925770105747178329e+00 7.835271508337935302e+03 3.975383262518364802e+01 -1.374793049890278053e+04 3.035156221016598721e+01 3.091891411232269959e+01 6.357017669689560790e+01
1.932064910351866782e+00 7.884655513314271047e+03 3.546470163066695136e+01 -1.397269348366577833e+04 3.110925950814964480e+01 2.679855028513705406e+01 6.797546198407907525e+01
1.938340711512040793e+00 7.921648122167589463e+03 3.438671245963197975e+01 -1.424960771751961693e+04 3.076020788799049299e+01 2.695504897933448518e+01 7.297914892007187859e+01
1.944608286125939056e+00 7.973954257423298259e+03 3.640423435491153015e+01 -1.447309593941955427e+04 2.971424547653522552e+01 2.649740985478157285e+01 6.693052136075316128e+01
1.950896861402443339e+00 8.016187950307005849e+03 3.327975931560792588e+01 -1.473341968197144524e+04 3.112326288788840500e+01 2.445442868938223313e+01 6.416569713936331709e+01
1.957188119732280240e+00 8.067571211270831554e+03 3.122341611714182363e+01 -1.498065157510655627e+04 3.216047950603081773e+01 2.696200024319671584e+01 6.744871958496013065e+01
1.963475092073819539e+00 8.119755201196114285e+03 3.716672405597916651e+01 -1.521974911981501464e+04 3.285609070664922626e+01 2.543208483653735641e+01 6.808676020954736430e+01
1.969755328101937319e+00 8.164251574018708197e+03 3.563089659807578613e+01 -1.549133763945548708e+04 2.848416526349989653e+01 3.020161379509536914e+01 7.243731238182887466e+01
1.976041377496548623e+00 8.220264672647543193e+03 3.774155536751874251e+01 -1.572975108992424975e+04 3.229225368174640209e+01 2.874070958824471234e+01 7.684635599462461641e+01
1.982332603364928891e+00 8.271288830035497085e+03 3.542678534967273407e+01 -1.598638472034105325e+04 2.792776800129328407e+01 2.742306073970203428e+01 6.630048478932415890e+01
1.988611719305597436e+00 8.333400539065230987e+03 3.829273621086190360e+01 -1.623598278046372616e+04 3.473295396087920039e+01 2.417134533059176249e+01 7.476652774081041741e+01
1.994887928688427126e+00 8.378115445853520214e+03 3.737121456085670701e+01 -1.650404923724457331e+04 3.112405236597632552e+01 3.014264526077634443e+01 7.492559773637165677e+01
2.001173041344464831e+00 8.437226699212427775e+03 3.303776479333525629e+01 -1.674120958703739961e+04 3.327552450916533644e+01 2.692651866033516939e+01 7.759919470652938855e+01
2.007452622487560845e+00 8.498671076089454800e+03 3.590219872728819439e+01 -1.699844520979276786e+04 3.223300488656582985e+01 3.091374001593357690e+01 7.284217463048632624e+01
2.013727218620062320e+00 8.550647673810422930e+03 3.639112564112256365e+01 -1.728256572919497921e+04 3.377078246231787517e+01 2.616876553436409125e+01 7.205675379441615291e+01
2.020011080385252011e+00 8.620032120850442880e+03 3.504300005533589513e+01 -1.751654495611326638e+04 3.553561726055406211e+01 2.917587861762416424e+01 8.645640968075088040e+01
2.026304052830803837e+00 8.677672044095648744e+03 3.528370227607140919e+01 -1.780002243752174400e+04 3.248259604948771795e+01 2.994989864134472057e+01 8.332970121684964226e+01
2.032587358277273992e+00 8.739535232813312177e+03 2.948027625336543167e+01 -1.804540542207918406e+04 3.776161362762142915e+01 3.205652326320312540e+01 8.771871885880018738e+01
2.038861003769008917e+00 8.807263107716045852e+03 3.563821360082045686e+01 -1.831514228537952295e+04 3.751403791003112786e+01 2.697882881478933115e+01 8.692971321898869519e+01
2.045144899510498160e+00 8.870965849818407150e+03 3.633747384212463771e+01 -1.862169940108733499e+04 3.807330322247613452e+01 2.699392799541437782e+01 8.494973361446338345e+01
2.051436836261672614e+00 8.941072006067957773e+03 3.367746714820768972e+01 -1.885920855445831694e+04 3.997855379965798051e+01 2.813650529440033310e+01 9.784250205408319800e+01
2.057723822034345673e+00 9.010796056200000749e+03 3.092120145418783395e+01 -1.915180888137935472e+04 3.353027204421465512e+01 2.858356126984899248e+01 8.272688725726199266e+01
2.064004463404046863e+00 9.080633334410209500e+03 3.148957542323579517e+01 -1.942030690973175297e+04 3.620687797382813500e+01 3.189336723116644379e+01 9.479769359999059475e+01
2.070292784210502557e+00 9.151706531222322155e+03 3.512227531327974361e+01 -1.970596817190482034e+04 3.797405493476694005e+01 3.503805597112864945e+01 1.002363801884363994e+02
2.076584718525938289e+00 9.222859571168104594e+03 3.315610264633093607e+01 -2.001660320639657220e+04 4.317577527656597169e+01 3.181153010871101117e+01 1.081520461585974431e+02
2.082854243067819855e+00 9.306667240192447935e+03 3.733218666683058018e+01 -2.028362233279199427e+04 3.679944990485117984e+01 3.322669507750597973e+01 9.674458212840696092e+01
2.089122591378733684e+00 9.373146536127989748e+03 3.318651529022511681e+01 -2.061382619451059145e+04 4.006470400311622626e+01 2.867443045477243402e+01 9.390562513150338475e+01
2.095417301778391472e+00 9.453303863557906880e+03 2.833975056061316167e+01 -2.087021016203370527e+04 4.003515721909436564e+01 3.147404711176798031e+01 9.224481790887644195e+01
2.101703044638241646e+00 9.542873631861126341e+03 3.278055190952544962e+01 -2.120552794584645017e+04 3.868188565645444044e+01 3.337522650158717852e+01 9.489581136093089242e+01
2.107972733366009432e+00 9.615085640382107158e+03 3.669922001843296755e+01 -2.151115778222892914e+04 3.924443400023096729e+01 3.300967212686999375e+01 1.014787035340330021e+02
2.114255796756957739e+00 9.698287042113483039e+03 3.635634683179969073e+01 -2.182019298308311409e+04 4.605792416270396217e+01 3.897488772678005375e+01 1.253522146850770582e+02
2.120537889849694047e+00 9.773177149580189507e+03 3.550403887951753745e+01 -2.218098413729757158e+04 4.490086753133289932e+01 3.043690169027030734e+01 1.104879233986707590e+02
2.126820750792177694e+00 9.879118476544193982e+03 3.103903740022196445e+01 -2.244849231552794663e+04 4.419838525863486467e+01 3.351906317578598760e+01 1.128242651837954043e+02
2.133106702041459801e+00 9.950666427673217186e+03 2.821975464098368391e+01 -2.281188931763944129e+04 4.538464568294136825e+01 3.364755726461024210e+01 1.222154613937909318e+02
2.139400119231091857e+00 1.004636483273256090e+04 2.638968204333357193e+01 -2.314631373320230341e+04 4.105471249853413696e+01 3.665013413936250686e+01 1.114778089659560010e+02
2.145689398585972629e+00 1.013200976340140733e+04 3.143242607021021584e+01 -2.348035024479415370e+04 4.198268887060589094e+01 4.070212461493039768e+01 1.231752842556217331e+02
2.151957896824229000e+00 1.021728982463257671e+04 2.832750279930271375e+01 -2.386971989318548731e+04 4.380496064979394788e+01 3.010137878380158938e+01 1.097640773722102949e+02
2.158240333469356731e+00 1.031533688178946795e+04 3.420632570019095198e+01 -2.418730180864220893e+04 4.826775868777541234e+01 4.049972767028125276e+01 1.264406024903987458e+02
2.164530480920396460e+00 1.039353379939456318e+04 2.765192661260987705e+01 -2.458076574455933951e+04 4.957770610780142562e+01 3.890985912725021478e+01 1.424569604885439844e+02
2.170817168287634935e+00 1.049781234530270740e+04 3.463592232377813218e+01 -2.492876118476232659e+04 4.690849881083150308e+01 3.819309793663899200e+01 1.298717139202478279e+02
2.177099129930496257e+00 1.059677853522735495e+04 3.091266681887936585e+01 -2.533315397043003759e+04 4.402581826845182178e+01 4.173356629971669207e+01 1.283325380484831726e+02
2.183376740266624427e+00 1.065886588539770855e+04 2.858780186492360897e+01 -2.572307301047979490e+04 5.047217195902966580e+01 4.120066426961258088e+01 1.485599740434080331e+02
2.189654526460600881e+00 1.078360421445347674e+04 2.599266392736950948e+01 -2.607428042546631696e+04 4.611141791958478109e+01 3.967212244523724962e+01 1.318186116224421482e+02
2.195938141837897817e+00 1.083466922242413420e+04 3.004004039224413702e+01 -2.654634259340865901e+04 5.023036810813554354e+01 3.901295200906459826e+01 1.393240594801349914e+02
2.202217228669949733e+00 1.097546340364575190e+04 3.870146357546231286e+01 -2.689591344806105189e+04 4.993362304873337365e+01 3.740045343055492566e+01 1.409936878932406330e+02
2.208498500848853574e+00 1.101457740239402119e+04 3.617452100145848704e+01 -2.737107365991948609e+04 5.134598975406185417e+01 3.800411323431413990e+01 1.478619066299226006e+02
2.214793724646249906e+00 1.114466604213152823e+04 3.094884429190447861e+01 -2.778794530844824840e+04 5.568622465933813004e+01 5.207489034658291871e+01 1.602598395180234832e+02
2.221075818343799746e+00 1.121390476198594297e+04 3.401288131716789565e+01 -2.825335709894468528e+04 6.026919814181814417e+01 4.368830147005243703e+01 1.609831545823105614e+02
2.227338121992681330e+00 1.127901277827599370e+04 3.654522996794429446e+01 -2.871518763274047888e+04 5.108851608480628670e+01 4.507647717148975630e+01 1.462942109677129565e+02
2.233627922635037066e+00 1.137664033898158050e+04 3.664380779188343951e+01 -2.912998147567540946e+04 5.702539765805499172e+01 4.131827417267228242e+01 1.532047473894229483e+02
2.239928789703297340e+00 1.141711335457430141e+04 2.774944042954007628e+01 -2.963687796487917149e+04 5.669607696230216476e+01 4.535480733450237523e+01 1.613742617542944231e+02
2.246200842227208838e+00 1.152908956794938604e+04 2.986054671613416289e+01 -3.009183177001556760e+04 5.787053282397474874e+01 4.187629654307975358e+01 1.687802956606466580e+02
2.252481072203586177e+00 1.154437073716135455e+04 3.103650300558371455e+01 -3.061084703526819430e+04 6.126482480758077287e+01 3.912684828689229732e+01 1.751455285759874130e+02
2.258759933010336951e+00 1.159579759003465551e+04 2.589927310385500903e+01 -3.110038053369797126e+04 4.972817457398291197e+01 4.537756855756106944e+01 1.508861934367760966e+02
2.265037766677293618e+00 1.165203797548598777e+04 2.684839222342120024e+01 -3.162448058230564493e+04 5.688241160491087101e+01 4.478717839158429115e+01 1.689190131881103980e+02
2.271303911444441770e+00 1.167091933840347701e+04 1.941569742682623811e+01 -3.215628727243675894e+04 5.910264981394303874e+01 4.309955272356459943e+01 1.831184344386576868e+02
2.277589728220023702e+00 1.167732566311803384e+04 2.292460907381701318e+01 -3.266352133447531742e+04 5.888284974825426588e+01 4.567583895497273971e+01 1.671708080377638055e+02
2.283898305422419117e+00 1.171501469847884073e+04 1.702516447502208408e+01 -3.318536681631334068e+04 6.203580306936936495e+01 4.568677636915192863e+01 1.861441421581447173e+02
2.290170012251877996e+00 1.176957736212864438e+04 1.908709855817319578e+01 -3.369176144082735118e+04 5.851920735412593189e+01 4.864265519006273308e+01 1.811199379528170823e+02
2.296453574018137989e+00 1.184689014413642144e+04 2.337671618006360319e+01 -3.421142125511166523e+04 6.143164840200785193e+01 4.011167862785164573e+01 1.894624708833754880e+02
2.302753728520769538e+00 1.187975961816435301e+04 2.088323384650756154e+01 -3.469008364488373627e+04 6.856911822159622716e+01 4.175753829665331551e+01 2.102899956518216413e+02
2.309033259857642850e+00 1.195769227011889052e+04 1.470314638728372714e+01 -3.517896864251471561e+04 6.101931538520248210e+01 4.292683467520858898e+01 1.974975291838247244e+02
2.315306740491763993e+00 1.203913320065568041e+04 1.962107203545803102e+01 -3.568529619876153447e+04 6.381499469546358227e+01 4.044592734747507023e+01 2.114315950079260062e+02
2.321584903055795124e+00 1.210451160854875343e+04 1.630263045084385354e+01 -3.617971272873149428e+04 6.384239906085873884e+01 4.218322316585177134e+01 1.888726911902339509e+02
2.327875848798349079e+00 1.218778633093363351e+04 2.069660001943164929e+01 -3.668159887508015527e+04 7.371307633115456781e+01 4.843123323499540334e+01 2.225936665487973016e+02
2.334155437994461124e+00 1.227619842421936119e+04 1.487613546255429320e+01 -3.720168783790943417e+04 7.745262094802674824e+01 4.526272302104072764e+01 2.413780722464439634e+02
2.340419368711218251e+00 1.236016679968249809e+04 7.337723125922434697e+00 -3.766768125720735407e+04 7.165327218059077552e+01 4.147537636480009127e+01 2.253092054567980540e+02
2.346707100682976499e+00 1.245281914930651146e+04 1.278114745456498369e+01 -3.820685053058167250e+04 7.351649950650723042e+01 4.514034959563101523e+01 2.203940063363736499e+02
2.353003291599209845e+00 1.253675654195772404e+04 9.129129405054952073e+00 -3.871291668659725838e+04 7.247993585399954952e+01 4.809377532585642001e+01 2.273202318686271042e+02
2.359289894449347447e+00 1.265443922317056240e+04 9.842376515869645459e+00 -3.925105846876031865e+04 8.048114843148786690e+01 4.537605367794033384e+01 2.580607445995443641e+02
2.365553876991156823e+00 1.274857958745774522e+04 1.066011263839549272e+01 -3.975033274177897692e+04 6.970294267682270117e+01 4.114640196916094794e+01 2.279591808358287608e+02
2.371825785713304491e+00 1.283417399785746056e+04 6.180852751849654325e+00 -4.026251725791225908e+04 8.056388112343620378e+01 3.901916218484898735e+01 2.512585177274223156e+02
2.378140903200432366e+00 1.295699549293232121e+04 3.827286224877627152e+00 -4.082951816882390267e+04 8.681049226765473747e+01 4.145504870173147083e+01 2.765553531938059564e+02
2.384428092586831749e+00 1.307362917375585130e+04 1.024668379942997198e+01 -4.137479627956137847e+04 8.824580270703322071e+01 3.648155292918338688e+01 2.774105776779721850e+02
2.390692582433302515e+00 1.319829595450869601e+04 7.515568332400406781e+00 -4.196769411876520462e+04 7.773711833546012429e+01 4.210685593200703636e+01 2.494323282784567937e+02
2.396988138385637956e+00 1.330890257655378809e+04 1.100059775124095474e+01 -4.252095984953612788e+04 9.422300381468674857e+01 4.321632770277920343e+01 3.137039656995544874e+02
2.403303548427466296e+00 1.343287614945425958e+04 1.230357977256987567e+01 -4.309133314125960896e+04 9.006673251613209175e+01 4.047292990887192587e+01 2.796590548643150100e+02
2.409573073654087239e+00 1.357081020645050376e+04 5.937648697088516059e+00 -4.369486742240355670e+04 9.176798086547873368e+01 4.767014828891952760e+01 2.928397296085215089e+02
2.415830801384976301e+00 1.369971218657638019e+04 2.351165216658160251e+00 -4.428632959589095117e+04 9.524598700073389068e+01 4.234987048087727146e+01 3.138425092422716034e+02
2.422143856762913217e+00 1.382308480414169389e+04 2.669256511261971276e+00 -4.486707968420834368e+04 8.826238146727807532e+01 3.957851655980786632e+01 2.888251995012176394e+02
2.428430057553697896e+00 1.399066105157858146e+04 1.357230671560616209e+01 -4.556760774795480393e+04 1.012414896778108897e+02 4.346505749901940163e+01 3.291313073415181520e+02
2.434677768778122253e+00 1.415534516885503035e+04 3.016515008262382835e+00 -4.623502909414083842e+04 9.910263611636420933e+01 4.899398547904299051e+01 3.212910679473170603e+02
2.440970212577723952e+00 1.427309404242545315e+04 2.422336830860224666e+00 -4.681359182063051412e+04 1.011670034195071963e+02 4.802897304891283881e+01 3.384582593580587400e+02
2.447298981268467788e+00 1.442911865058262811e+04 2.386486785867790061e+00 -4.748205339172990352e+04 1.061633956651919135e+02 3.996138680772573792e+01 3.583791393454720264e+02
2.453569118455959153e+00 1.462154193358100201e+04 -5.693843713317185973e+00 -4.822253607349911908e+04 1.090935801467188782e+02 4.826779548483292359e+01 3.617482127847193851e+02
2.459800038144372536e+00 1.479042956680072894e+04 9.591607794884287941e+00 -4.892729271700199752e+04 9.354352821120031081e+01 4.046379733853199667e+01 3.145391892413943538e+02
2.466109234904756420e+00 1.494005733396799587e+04 4.888156417693180877e+00 -4.958247877522484487e+04 1.049277302990059155e+02 4.154252760083354445e+01 3.457263133663490748e+02
2.472414307289626745e+00 1.510859499289444466e+04 6.768099588146061052e+00 -5.030167155577535596e+04 1.136692055064067688e+02 4.338346348687048959e+01 3.888721055317801643e+02
2.478663551689686440e+00 1.530094544670815594e+04 8.644103203279933645e-01 -5.101346938370983116e+04 1.147564495210455817e+02 3.749530429195851156e+01 3.831558472788142922e+02
2.484934316279263644e+00 1.548727997253663671e+04 2.396041370317228303e+00 -5.177410860155598493e+04 1.241843052605861146e+02 4.366216168520825391e+01 4.162055550193271074e+02
2.491242831113374745e+00 1.566456958441793722e+04 7.671031071428245696e+00 -5.254307306831869209e+04 1.291379633095530721e+02 4.370014746466549127e+01 4.430415952539593718e+02
2.497555376258363324e+00 1.587841934622374356e+04 1.376954083107751536e+01 -5.337075827947449579e+04 1.306970984038496795e+02 4.421402745857653116e+01 4.359315962172378249e+02
2.503803790207676627e+00 1.612611166905652317e+04 6.112445570880727930e-01 -5.427725916365031298e+04 1.361418023129952815e+02 4.475753578968792823e+01 4.614794196919727369e+02
2.510050453360888500e+00 1.631819908551370099e+04 3.819596601638556521e+00 -5.507807799113968213e+04 1.309763036776064098e+02 5.183027181620487056e+01 4.410441427716425551e+02
2.516388153357119961e+00 1.655877326159553559e+04 -6.410210214631792525e+00 -5.598623920120402181e+04 1.377094561821933780e+02 4.869065200998588239e+01 4.683213121116702382e+02
2.522696949289356283e+00 1.676837439023801562e+04 -4.477087733050070462e+00 -5.681874407419358613e+04 1.325979314433323282e+02 4.817859707441867556e+01 4.534787133254949936e+02
2.528912117977450080e+00 1.705353961273905952e+04 1.501489468051065534e+00 -5.783813585820493608e+04 1.485966163206537374e+02 4.901519501760908071e+01 5.101927171030970953e+02
2.535194950977308181e+00 1.722512656724360932e+04 8.397867341190519141e+00 -5.862031186400610022e+04 1.495331722625286943e+02 4.047894468908120302e+01 5.100131628866850519e+02
2.541553015092146595e+00 1.750537973929305736e+04 -2.898783537812650302e+00 -5.962339256369700888e+04 1.678997472630495906e+02 5.080563793917953319e+01 5.640463974640541664e+02
2.547833598840072877e+00 1.778338736380262708e+04 4.897237481994230812e+00 -6.067489024407221586e+04 1.507984279187152197e+02 4.561362085903768815e+01 5.105015101349626434e+02
2.554027726231929751e+00 1.808568663173882669e+04 -5.712166463513288939e+00 -6.177789257609913329e+04 1.733721706469935668e+02 5.143130848113897002e+01 5.915899122501380134e+02
2.560335719957266054e+00 1.834354280116511291e+04 1.829914827010672873e+00 -6.280399526747352502e+04 1.548675465426477160e+02 4.670151873985769697e+01 5.246101556916797790e+02
2.566723817468051561e+00 1.861654790100198079e+04 -1.676863417665856337e+00 -6.382034202563638974e+04 1.717048624497782328e+02 5.580862899092920060e+01 5.921806666791567295e+02
2.572947513405374753e+00 1.893853491503741679e+04 -6.953850321776420262e-01 -6.498497591269513941e+04 1.817260910389761932e+02 5.231395491406519938e+01 6.307252580134593245e+02
2.579112525306413772e+00 1.922834815018463996e+04 -1.125112326278755015e+00 -6.607878094812080963e+04 2.131489796162769039e+02 5.156841120482648932e+01 7.342052574310273485e+02
2.585475496121885541e+00 1.956105584604064279e+04 -4.953273598201119121e+00 -6.732127758270777122e+04 1.969664046259430847e+02 5.292772240944077566e+01 6.836707484001128705e+02
2.591850195047050054e+00 1.989774952899047275e+04 -1.661050257116279516e+00 -6.854361095207020117e+04 2.110546816717172192e+02 5.573279483103332410e+01 7.183246339120560151e+02
2.598059321481769768e+00 2.028777337834121863e+04 -3.710532628612392081e+00 -6.995313882308060420e+04 2.278408403439902088e+02 5.481274632216567966e+01 7.958605848639518854e+02
2.604297159892892566e+00 2.059483622547690175e+04 -5.755029356632475945e+00 -7.112346899964718614e+04 2.307265472588820501e+02 4.732059057341744790e+01 7.928261852965468961e+02
2.610674497511636716e+00 2.098671608221996576e+04 7.151285765765343250e+00 -7.256775018172495766e+04 2.528873046723014397e+02 5.613266387836885229e+01 8.654760006179917582e+02
2.616932834183215206e+00 2.136235665883307956e+04 -1.548051718192329451e+00 -7.391095778584234358e+04 2.763340623545768722e+02 5.705791765862733911e+01 9.598412521741487353e+02
2.623008545019559268e+00 2.179615079068479099e+04 5.678205266764280341e-03 -7.544134062557511788e+04 3.005439831795487180e+02 6.631892224803961255e+01 1.040011985183685965e+03
2.629397530948577977e+00 2.217570024925177495e+04 8.733599814724943400e+00 -7.690650323118740926e+04 2.939714278340940723e+02 5.276608995025178217e+01 1.017301202631867454e+03
2.635910575707927084e+00 2.263108821907823949e+04 9.504986402729377559e+00 -7.854506905633333372e+04 3.501603760672000476e+02 6.156072172943177634e+01 1.214804002603905246e+03
2.642029786242801048e+00 2.304618071387008240e+04 -1.385018634852130726e+00 -7.999684736086292833e+04 3.549622920682405152e+02 6.677224290997386902e+01 1.226661348706975332e+03
2.648039512191040057e+00 2.352561054711306497e+04 -1.055440192300322977e+01 -8.170212494311061164e+04 3.804905215690812952e+02 7.050142736577575420e+01 1.330784298235391816e+03
2.654540962294306805e+00 2.395743913683881692e+04 1.472959006936485160e+01 -8.334083807330415584e+04 3.434238084364461088e+02 6.522383552032877674e+01 1.195242913584575263e+03
2.661180282576057099e+00 2.451040444396714520e+04 -1.990724162959683463e+00 -8.530198067888649530e+04 3.821677245082358922e+02 6.156241658068120870e+01 1.327240966699117735e+03
2.667195147458842897e+00 2.501073410179818893e+04 1.069932634996240495e+01 -8.705424824517215893e+04 4.554193561481918096e+02 7.162790536459633017e+01 1.592241540360645104e+03
2.673090901005254594e+00 2.551808094616581729e+04 1.251403541053381296e+01 -8.888951817272504559e+04 4.457057950491396809e+02 6.404055609596341014e+01 1.554889174470872831e+03
2.679731764445484110e+00 2.603091290116947494e+04 -5.051941235473414338e+00 -9.074885164393628656e+04 4.680942980652603751e+02 7.415742622802463302e+01 1.638588410347208992e+03
2.686466931023231197e+00 2.659299876052089894e+04 1.194723207962817391e+01 -9.277261873115321214e+04 5.012401461806008456e+02 6.431437481189726668e+01 1.754330674113351733e+03
2.692198356469842402e+00 2.723658074414116709e+04 1.062603288748328012e+01 -9.500037714408824104e+04 7.242415194516124757e+02 8.267009849809133470e+01 2.539768791136742948e+03
2.697964677213462448e+00 2.771658721543970023e+04 4.539186367579410408e+00 -9.673137574642738036e+04 6.368958280104054666e+02 7.413379239255806397e+01 2.221422410016610684e+03
2.704891939369279186e+00 2.837417211579337891e+04 1.379392883264495140e+01 -9.910058548910761601e+04 6.032511641603249473e+02 7.157917939644806893e+01 2.110084387459788559e+03
2.711820263148973176e+00 2.920914689021476079e+04 -7.634190768774312019e+00 -1.020453528403565433e+05 8.906845450722588566e+02 6.981866773855679753e+01 3.113928029562049687e+03
2.717097903386906932e+00 2.969880575711712299e+04 -8.160165020360151900e+00 -1.037262108800349524e+05 1.041548385254688355e+03 1.102807965920355144e+02 3.653636024545217424e+03
2.722786446599399834e+00 3.039035847203195954e+04 -8.375669527820122084e+00 -1.062109540861938149e+05 8.223777460493272429e+02 7.339518637443271132e+01 2.880431654918626464e+03
2.729947846869378747e+00 3.145126287758414037e+04 -7.940931467306442393e+00 -1.099523328808685037e+05 9.051821201428602990e+02 7.739675081350497976e+01 3.181631165378044443e+03
2.737065287805480196e+00 3.224039212070084614e+04 -5.730841942384603094e+00 -1.127467936176059156e+05 1.169612572946049340e+03 6.408508309098502309e+01 4.092739140872767166e+03
2.742488203908712396e+00 3.273817034925841654e+04 4.725861684318553912e+00 -1.145039099588548415e+05 1.832975214814644460e+03 1.110430263793933108e+02 6.415031093223788957e+03
2.747873318371964135e+00 3.388192635561323550e+04 8.171075572676528509e+00 -1.185350758347980154e+05 1.806267932068690925e+03 8.734646032576623043e+01 6.311909476550583349e+03
2.755043138344894782e+00 3.475438930806100689e+04 1.514475766019467606e+01 -1.216149419823461358e+05 1.821324743599286194e+03 8.469297670454709248e+01 6.365699179446733069e+03
2.762199344371419230e+00 3.558767353031428502e+04 -2.413084770464032580e+00 -1.245289866976836638e+05 2.575581603099218682e+03 8.129714916144840231e+01 9.025430886307030960e+03
2.767892788187402697e+00 3.638315840878649760e+04 -7.908530037487688347e+00 -1.273170099851505074e+05 5.502171167796065674e+03 1.156895825990051065e+02 1.925576341498862530e+04
2.772831982468269008e+00 3.759607950320462260e+04 2.091913277506528779e+00 -1.315783471022906306e+05 5.027298717319594289e+03 1.026492097204850893e+02 1.759656971407129822e+04
2.779655811721176040e+00 3.904832303428759769e+04 -9.643016762903476646e+00 -1.366554206489743083e+05 1.078354012067146869e+04 1.224587353838977037e+02 3.773924048166507419e+04
2.785995823463760512e+00 4.373262783532861795e+04 2.427648517507242367e-11 -1.530641974236501555e+05 9.423072379409977293e+04 5.230855959165158312e-11 3.298075332793493290e+05
